              precision    recall  f1-score   support

           0       0.00      0.00      0.00       178
           1       0.61      0.03      0.06       354
           2       0.72      0.01      0.01      3387
           3       0.00      0.00      0.00      4288
           4       0.00      0.00      0.00      1836
           5       0.12      1.00      0.22      1530
           6       0.98      0.80      0.88      2959
           7       0.35      0.26      0.30       596
           8       0.00      0.00      0.00      3258

    accuracy                           0.22     18386
   macro avg       0.31      0.23      0.16     18386
weighted avg       0.32      0.22      0.17     18386
